y,m,d,w,MW,%,PPMW_C,PMW,PPMW,PMW
19,1,2,3,1899,6.75,30032,28133,30047,28148
19,1,3,4,1891,6.65,30327,28436,30343,28452
19,1,4,5,1811,6.36,30286,28475,30301,28490
19,1,5,6,1903,7.3,27971,26068,27957,26054
19,1,6,7,2333,9.48,26943,24610,26950,24617
19,1,7,1,1800,6.31,30326,28526,30336,28536
19,1,8,2,1843,6.42,30550,28707,30562,28719
19,1,9,3,1954,6.82,30605,28651,30595,28641
19,1,10,4,1847,6.37,30842,28995,30853,29006
19,1,11,5,1884,6.54,30691,28807,30682,28798
19,1,12,6,2497,9.64,28399,25902,28402,25905
19,1,13,7,2398,9.74,27018,24620,27027,24629
19,1,14,1,1745,6.16,30073,28328,30093,28348
19,1,15,2,1844,6.38,30747,28903,30731,28887
19,1,16,3,1849,6.45,30516,28667,30498,28649
19,1,17,4,1933,6.81,30318,28385,30328,28395
19,1,18,5,1935,6.97,29697,27762,29691,27756
19,1,19,6,1954,7.38,28431,26477,28431,26477
19,1,20,7,2599,10.59,27141,24542,27138,24539
19,1,21,1,1915,6.9,29669,27754,29654,27739
19,1,22,2,1921,6.83,30047,28126,30061,28140
19,1,23,3,1938,6.96,29783,27845,29776,27838
19,1,24,4,1872,6.72,29729,27857,29735,27863
19,1,25,5,1906,6.98,29213,27307,29202,27296
19,1,26,6,2535,10.03,27809,25274,27817,25282
19,1,27,7,2092,8.57,26503,24411,26506,24414
19,1,28,1,1806,6.55,29379,27573,29363,27557
19,1,29,2,1832,6.58,29674,27842,29690,27858
19,1,30,3,1810,6.52,29571,27761,29570,27760
19,1,31,4,1890,6.95,29084,27194,29071,27181
19,2,1,5,2148,8.69,26866,24718,26857,24709
19,2,2,6,2241,9.58,25633,23392,25623,23382
19,2,3,7,2038,8.89,24963,22925,24953,22915
19,2,4,1,2563,12.68,22776,20213,22777,20214
19,2,5,2,2333,11.67,22324,19991,22325,19992
19,2,6,3,2322,11.65,22253,19931,22258,19936
19,2,7,4,2107,10.06,23051,20944,23045,20938
19,2,8,5,3115,14.43,24702,21587,24696,21581
19,2,9,6,3136,13.98,25568,22432,25572,22436
19,2,10,7,3023,13.01,26259,23236,26259,23236
19,2,11,1,2275,8.53,28946,26671,28942,26667
19,2,12,2,1860,6.7,29621,27761,29628,27768
19,2,13,3,1915,6.91,29628,27713,29614,27699
19,2,14,4,1943,6.88,30184,28241,30193,28250
19,2,15,5,1959,6.93,30227,28268,30221,28262
19,2,16,6,2426,9.54,27856,25430,27858,25432
19,2,17,7,2673,10.98,27017,24344,27016,24343
19,2,18,1,1762,6.15,30412,28650,30407,28645
19,2,19,2,1891,6.55,30761,28870,30767,28876
19,2,20,3,1838,6.32,30920,29082,30916,29078
19,2,21,4,1813,6.27,30728,28915,30725,28912
19,2,22,5,1870,6.58,30289,28419,30290,28420
19,2,23,6,1729,6.47,28452,26723,28452,26723
19,2,24,7,1770,7.17,26456,24686,26464,24694
19,2,25,1,1754,6.24,29863,28109,29838,28084
19,2,26,2,1818,6.4,30224,28406,30208,28390
19,2,27,3,1903,6.79,29930,28027,29916,28013
19,2,28,4,2430,9.54,27902,25472,27902,25472
19,3,1,5,2371,9.6,27069,24698,27060,24689
19,3,2,6,1833,7.41,26570,24737,26567,24734
19,3,3,7,2224,9.23,26319,24095,26326,24102
19,3,4,1,1895,6.84,29600,27705,29583,27688
19,3,5,2,1954,6.92,30191,28237,30195,28241
19,3,6,3,1922,6.86,29939,28017,29954,28032
19,3,7,4,1868,6.64,30001,28133,30015,28147
19,3,8,5,1816,6.5,29754,27938,29767,27951
19,3,9,6,2191,8.47,28059,25868,28061,25870
19,3,10,7,1823,7.35,26626,24803,26624,24801
19,3,11,1,1794,6.47,29522,27728,29524,27730
19,3,12,2,1879,6.73,29799,27920,29815,27936
19,3,13,3,1923,6.83,30078,28155,30068,28145
19,3,14,4,1780,6.26,30215,28435,30197,28417
19,3,15,5,1928,6.95,29669,27741,29685,27757
19,3,16,6,2518,9.95,27825,25307,27836,25318
19,3,17,7,2290,9.28,26967,24677,26971,24681
19,3,18,1,1755,6.19,30107,28352,30093,28338
19,3,19,2,1805,6.25,30685,28880,30687,28882
19,3,20,3,1844,6.22,31490,29646,31489,29645
19,3,21,4,1967,6.48,32322,30355,32310,30343
19,3,22,5,2341,7.9,31974,29633,31959,29618
19,3,23,6,2084,8.25,27345,25261,27349,25265
19,3,24,7,1859,7.49,26679,24820,26671,24812
19,3,25,1,1853,6.49,30405,28552,30388,28535
19,3,26,2,1887,6.56,30652,28765,30643,28756
19,3,27,3,1933,6.63,31088,29155,31073,29140
19,3,28,4,1892,6.29,31971,30079,31985,30093
19,3,29,5,2055,6.92,31752,29697,31728,29673
19,3,30,6,2155,8.35,27963,25808,27965,25810
19,3,31,7,2297,9.39,26759,24462,26763,24466
19,4,1,1,1930,6.93,29780,27850,29772,27842
19,4,2,2,1915,6.75,30285,28370,30275,28359
19,4,3,3,1905,6.69,30380,28475,30387,28483
19,4,4,4,2340,9.12,27998,25658,28003,25663
19,4,5,5,1872,7.63,26407,24535,26414,24542
19,4,6,6,1683,6.74,26653,24970,26649,24966
19,4,7,7,1778,7.04,27034,25256,27018,25240
19,4,8,1,1969,6.48,32355,30386,32368,30399
19,4,9,2,1964,6.23,33489,31525,33496,31532
19,4,10,3,2154,6.79,33877,31723,33863,31709
19,4,11,4,2079,6.81,32608,30529,32620,30541
19,4,12,5,2018,6.95,31054,29036,31053,29035
19,4,13,6,1760,6.66,28186,26426,28206,26446
19,4,14,7,2528,9.9,28063,25535,28065,25537
19,4,15,1,1986,6.91,30727,28741,30735,28749
19,4,16,2,1877,6.47,30888,29011,30894,29017
19,4,17,3,2050,6.93,31632,29582,31615,29565
19,4,18,4,2003,6.6,32351,30348,32338,30335
19,4,19,5,1920,6.24,32689,30769,32668,30748
19,4,20,6,1877,6.98,28768,26891,28787,26910
19,4,21,7,2298,8.74,28591,26293,28604,26306
19,4,22,1,1993,6.24,33932,31939,33948,31955
19,4,23,2,2026,6.11,35185,33159,35207,33181
19,4,24,3,2003,6.02,35275,33272,35266,33263
19,4,25,4,2290,6.91,35430,33140,35424,33134
19,4,26,5,2252,6.89,34937,32685,34916,32664
19,4,27,6,1993,7.28,29369,27376,29369,27376
19,4,28,7,1740,6.46,28675,26935,28688,26948
19,4,29,1,2211,6.73,35064,32853,35058,32847
19,4,30,2,2210,6.68,35294,33084,35309,33099
19,5,1,3,3093,11.53,29919,26826,29919,26826
19,5,2,4,2683,9.35,31378,28695,31373,28690
19,5,3,5,3316,11.71,31634,28318,31631,28315
19,5,4,6,3119,12.08,28939,25820,28938,25819
19,5,5,7,2255,8.9,27592,25337,27591,25336
19,5,6,1,2404,8.4,31023,28619,31019,28615
19,5,7,2,2609,9.16,31092,28483,31081,28472
19,5,8,3,2140,7.39,31098,28958,31108,28968
19,5,9,4,2212,7.57,31433,29221,31441,29229
19,5,10,5,2608,8.82,32177,29569,32179,29571
19,5,11,6,2837,10.68,29401,26564,29413,26576
19,5,12,7,2709,10.23,29190,26481,29193,26484
19,5,13,1,2311,7.19,34453,32142,34446,32135
19,5,14,2,2131,6.43,35273,33142,35275,33144
19,5,15,3,2253,6.85,35144,32891,35149,32896
19,5,16,4,2432,7.3,35747,33315,35739,33307
19,5,17,5,2546,7.88,34856,32310,34862,32316
19,5,18,6,2591,8.78,32101,29510,32114,29523
19,5,19,7,2127,7.34,31105,28978,31104,28977
19,5,20,1,3347,10.39,35561,32214,35560,32213
19,5,21,2,3887,12.97,33856,29969,33865,29978
19,5,22,3,4554,15.11,34693,30139,34704,30150
19,5,23,4,4712,15.48,35151,30439,35142,30430
19,5,24,5,3575,11.33,35128,31553,35123,31548
19,5,25,6,3984,14.33,31786,27802,31794,27810
19,5,26,7,3789,13.58,31690,27901,31694,27905
19,5,27,1,2706,8.32,35230,32524,35227,32521
19,5,28,2,3169,9.83,35407,32238,35411,32242
19,5,29,3,5905,19.48,36218,30313,36224,30319
19,5,30,4,4367,13.6,36477,32110,36483,32116
19,5,31,5,4515,13.69,37495,32980,37486,32971
19,6,1,6,4042,14.01,32893,28851,32902,28860
19,6,2,7,3632,12.59,32480,28848,32488,28856
19,6,3,1,4540,13.78,37486,32946,37498,32958
19,6,4,2,4546,14.03,36948,32402,36955,32409
19,6,5,3,4029,11.88,37943,33914,37945,33916
19,6,6,4,3785,10.85,38670,34885,38674,34889
19,6,7,5,4702,15.64,34766,30064,34770,30068
19,6,8,6,3310,11.2,32864,29554,32858,29548
19,6,9,7,4082,13.88,33491,29409,33490,29408
19,6,10,1,4147,12.43,37510,33363,37502,33355
19,6,11,2,4215,13.12,36342,32127,36341,32126
19,6,12,3,5418,17.42,36520,31102,36513,31095
19,6,13,4,3593,11.34,35277,31684,35273,31680
19,6,14,5,4895,15.85,35778,30883,35772,30877
19,6,15,6,5436,19.63,33128,27692,33122,27686
19,6,16,7,4962,17.93,32636,27674,32635,27673
19,6,17,1,3765,11.17,37471,33706,37468,33703
19,6,18,2,3257,9.38,37980,34723,37996,34739
19,6,19,3,3657,10.27,39266,35609,39258,35601
19,6,20,4,3703,10.3,39654,35951,39662,35959
19,6,21,5,4080,11.36,39995,35915,40008,35928
19,6,22,6,4190,13.55,35113,30923,35113,30923
19,6,23,7,4744,16.76,33049,28305,33049,28305
19,6,24,1,5416,17.09,37107,31691,37104,31688
19,6,25,2,3514,10.56,36791,33277,36804,33290
19,6,26,3,4112,12.53,36929,32817,36928,32816
19,6,27,4,4175,12.48,37629,33454,37640,33465
19,6,28,5,3567,10.2,38538,34971,38530,34963
19,6,29,6,3602,11.79,34153,30551,34155,30553
19,6,30,7,3439,11.43,33526,30087,33522,30083
19,7,1,1,3634,10.32,38847,35213,38849,35215
19,7,2,2,4883,13.93,39937,35054,39935,35052
19,7,3,3,4753,14,38703,33950,38706,33953
19,7,4,4,4895,14.33,39054,34159,39052,34157
19,7,5,5,5714,16.88,39565,33851,39567,33853
19,7,6,6,4435,14.78,34442,30007,34449,30014
19,7,7,7,4313,14.39,34285,29972,34278,29965
19,7,8,1,4455,12.67,39617,35162,39621,35166
19,7,9,2,4166,11.94,39057,34891,39052,34886
19,7,10,3,3897,11.05,39164,35267,39164,35267
19,7,11,4,4155,12.02,38722,34567,38719,34564
19,7,12,5,4332,12.16,39957,35625,39970,35638
19,7,13,6,5138,16.39,36486,31348,36491,31353
19,7,14,7,3257,10.53,34188,30931,34198,30941
19,7,15,1,3637,10.03,39898,36261,39898,36261
19,7,16,2,3224,8.73,40154,36930,40150,36926
19,7,17,3,3770,10.08,41171,37401,41153,37383
19,7,18,4,4080,11.36,39995,35915,40002,35922
19,7,19,5,4510,12.71,39994,35484,39994,35484
19,7,20,6,6218,20.31,36833,30615,36836,30618
19,7,21,7,5390,18.2,35005,29615,34994,29604
19,7,22,1,5758,16.7,40237,34479,40246,34488
19,7,23,2,4766,13.62,39759,34993,39770,35004
19,7,24,3,5038,14.16,40617,35579,40609,35571
19,7,25,4,4636,12.89,40602,35966,40591,35955
19,7,26,5,3897,10.67,40420,36523,40420,36523
19,7,27,6,5346,17.13,36554,31208,36553,31207
19,7,28,7,5714,19.27,35366,29652,35368,29654
19,7,29,1,4924,13.85,40476,35552,40478,35554
19,7,30,2,4067,11.1,40707,36640,40714,36647
19,7,31,3,3729,10.13,40540,36811,40536,36807
19,8,1,4,4042,11.08,40522,36480,40524,36482
19,8,2,5,5035,14.08,40795,35760,40810,35775
19,8,3,6,5875,18.92,36927,31052,36920,31045
19,8,4,7,3818,12.18,35164,31346,35151,31333
19,8,5,1,3928,10.7,40638,36710,40649,36721
19,8,6,2,4771,13.11,41163,36392,41157,36386
19,8,7,3,4719,13.08,40797,36078,40786,36067
19,8,8,4,4317,11.88,40655,36338,40648,36331
19,8,9,5,6977,22.7,37713,30736,37717,30740
19,8,10,6,4571,14.52,36052,31481,36049,31478
19,8,11,7,4187,13.48,35248,31061,35251,31064
19,8,12,1,5793,16.8,40275,34482,40272,34479
19,8,13,2,4752,14.02,38646,33894,38658,33906
19,8,14,3,4064,11.26,40156,36092,40164,36100
19,8,15,4,6355,18.54,40632,34277,40630,34275
19,8,16,5,6048,17.59,40431,34383,40427,34379
19,8,17,6,6655,21.87,37085,30430,37079,30424
19,8,18,7,6143,21.47,34755,28612,34759,28616
19,8,19,1,6376,19.35,39327,32951,39330,32954
19,8,20,2,6269,18.81,39597,33328,39597,33328
19,8,21,3,6430,19.17,39972,33542,39972,33542
19,8,22,4,4824,13.79,39806,34982,39807,34983
19,8,23,5,4868,13.85,40016,35148,40025,35157
19,8,24,6,6973,24.05,35967,28994,35969,28996
19,8,25,7,5462,18.84,34454,28992,34452,28990
19,8,26,1,5354,15.27,40416,35062,40403,35049
19,8,27,2,4692,13.18,40291,35599,40285,35593
19,8,28,3,4094,11.21,40615,36521,40601,36507
19,8,29,4,4056,11.15,40433,36377,40424,36368
19,8,30,5,5615,16.22,40233,34618,40228,34613
19,8,31,6,4767,15.56,35403,30636,35403,30636
19,9,1,7,4982,16.81,34619,29637,34611,29629
19,9,2,1,4606,13.02,39982,35376,39989,35383
19,9,3,2,4581,12.92,40038,35457,40050,35469
19,9,4,3,5419,16.07,39140,33721,39136,33717
19,9,5,4,5876,17.66,39149,33273,39153,33277
19,9,6,5,5085,14.87,39281,34196,39285,34200
19,9,7,6,4894,16.27,34974,30080,34982,30088
19,9,8,7,4192,14.43,33243,29051,33239,29047
19,9,9,1,4961,14.44,39317,34356,39318,34357
19,9,10,2,4148,11.97,38801,34653,38812,34664
19,9,11,3,4575,12.95,39903,35328,39916,35341
19,9,12,4,4625,13.12,39877,35252,39889,35264
19,9,13,5,4824,16.42,34203,29379,34199,29375
19,9,14,6,4394,15.33,33057,28663,33070,28676
19,9,15,7,5387,19.11,33576,28189,33578,28191
19,9,16,1,6025,18.13,39257,33232,39253,33228
19,9,17,2,5975,18.13,38931,32956,38936,32961
19,9,18,3,6042,18.63,38474,32432,38470,32428
19,9,19,4,6893,21.88,38397,31504,38401,31508
19,9,20,5,6345,20.74,36938,30593,36939,30594
19,9,21,6,5612,21.21,32071,26459,32072,26460
19,9,22,7,5421,20.98,31260,25839,31257,25836
19,9,23,1,6619,22.1,36569,29950,36566,29947
19,9,24,2,6616,21.98,36716,30100,36722,30106
19,9,25,3,5679,18.49,36393,30714,36388,30709
19,9,26,4,5659,18.16,36821,31162,36821,31162
19,9,27,5,6244,19.98,37495,31251,37499,31255
19,9,28,6,4852,17.23,33012,28160,33013,28161
19,9,29,7,4315,15.45,32244,27929,32241,27926
19,9,30,1,7657,26.86,36164,28507,36162,28505
19,10,1,2,4532,14.2,36447,31915,36449,31917
19,10,2,3,4077,12.24,37386,33309,37393,33316
19,10,3,4,3807,11.3,37497,33690,37506,33699
19,10,4,5,4421,13.13,38092,33671,38091,33670
19,10,5,6,4561,14.06,37001,32440,37012,32451
19,10,6,7,3789,13.52,31814,28025,31819,28030
19,10,7,1,3702,11.26,36579,32877,36591,32889
19,10,8,2,4351,13.21,37288,32937,37289,32938
19,10,9,3,4701,14.53,37055,32354,37046,32345
19,10,10,4,4405,15.84,32214,27809,32222,27817
19,10,11,5,4490,16.52,31669,27179,31667,27177
19,10,12,6,4742,17.59,31700,26958,31704,26962
19,10,13,7,5432,20.6,31801,26369,31796,26364
19,10,14,1,5091,16.48,35983,30892,35975,30884
19,10,15,2,5085,16.66,35607,30522,35615,30530
19,10,16,3,3984,13.14,34304,30320,34313,30329
19,10,17,4,4582,15.18,34766,30184,34761,30179
19,10,18,5,4810,15.94,34986,30176,34982,30172
19,10,19,6,4788,18.11,31226,26438,31218,26430
19,10,20,7,4420,17.52,29648,25228,29653,25233
19,10,21,1,4274,14.63,33488,29214,33493,29219
19,10,22,2,3803,12.66,33842,30039,33840,30037
19,10,23,3,3779,12.48,34059,30280,34065,30286
19,10,24,4,3829,12.62,34170,30341,34172,30343
19,10,25,5,4120,13.67,34259,30139,34251,30131
19,10,26,6,3101,11.7,29605,26504,29599,26498
19,10,27,7,2762,10.74,28479,25717,28487,25725
19,10,28,1,4053,13.42,34254,30201,34260,30207
19,10,29,2,4616,15.58,34244,29628,34240,29624
19,10,30,3,3666,12.34,33374,29708,33380,29714
19,10,31,4,3639,12.1,33713,30074,33719,30080
19,11,1,5,3930,12.96,34254,30324,34261,30331
19,11,2,6,3378,12.65,30082,26704,30083,26705
19,11,3,7,3420,13.29,29154,25734,29165,25745
19,11,4,1,3455,11.84,32636,29181,32647,29192
19,11,5,2,3769,12.89,33009,29240,33016,29247
19,11,6,3,3344,11.36,32781,29437,32766,29422
19,11,7,4,3752,12.67,33365,29613,33353,29601
19,11,8,5,4741,16.4,33650,28909,33641,28900
19,11,9,6,3709,14.32,29610,25901,29609,25900
19,11,10,7,3032,12.27,27743,24711,27748,24716
19,11,11,1,3607,12.6,32234,28627,32227,28620
19,11,12,2,3592,12.26,32891,29299,32897,29305
19,11,13,3,3300,11.24,32659,29359,32660,29360
19,11,14,4,3823,13.2,32785,28962,32776,28953
19,11,15,5,3150,10.95,31917,28767,31914,28764
19,11,16,6,3200,12.27,29280,26080,29275,26075
19,11,17,7,2590,10.21,27957,25367,27956,25366
19,11,18,1,3037,10.36,32352,29315,32343,29306
19,11,19,2,3337,11.61,32079,28742,32080,28743
19,11,20,3,3347,11.57,32275,28928,32282,28935
19,11,21,4,2996,10.15,32513,29517,32516,29520
19,11,22,5,2970,10.07,32464,29494,32470,29500
19,11,23,6,2695,10.06,29484,26789,29491,26796
19,11,24,7,3190,12.47,28771,25581,28774,25584
19,11,25,1,2969,10.12,32307,29338,32309,29340
19,11,26,2,3312,11.31,32596,29284,32597,29285
19,11,27,3,3565,12.16,32882,29317,32877,29312
19,11,28,4,3418,11.95,32021,28603,32028,28610
19,11,29,5,3392,11.91,31872,28480,31864,28472
19,11,30,6,3004,11.62,28856,25852,28859,25855
19,12,1,7,3425,13.79,28262,24837,28261,24836
19,12,2,1,3462,12.39,31404,27942,31398,27936
19,12,3,2,3150,11.19,31300,28150,31307,28157
19,12,4,3,3053,10.72,31532,28479,31527,28474
19,12,5,4,3022,10.53,31721,28699,31728,28706
19,12,6,5,3414,11.95,31983,28569,31977,28563
19,12,7,6,2901,11.23,28734,25833,28725,25824
19,12,8,7,2956,11.94,27713,24757,27706,24750
19,12,9,1,3205,11.36,31418,28213,31412,28207
19,12,10,2,3146,11.06,31591,28445,31602,28456
19,12,11,3,3202,11.28,31589,28387,31599,28397
19,12,12,4,2998,10.55,31415,28417,31420,28422
19,12,13,5,3154,11.12,31517,28363,31524,28370
19,12,14,6,3035,11.82,28712,25677,28711,25676
19,12,15,7,2812,11.38,27522,24710,27529,24717
19,12,16,1,3039,10.53,31899,28860,31890,28851
19,12,17,2,3189,10.91,32419,29230,32423,29234
19,12,18,3,3254,11.19,32334,29080,32339,29085
19,12,19,4,3107,10.73,32063,28956,32059,28952
19,12,20,5,3146,11.01,31720,28574,31727,28581
19,12,21,6,2815,10.69,29148,26333,29167,26352
19,12,22,7,2747,10.94,27857,25110,27862,25115
19,12,23,1,3330,11.57,32111,28781,32117,28787
19,12,24,2,3284,11.32,32295,29011,32280,28996
19,12,25,3,3606,12.45,32570,28964,32571,28965
19,12,26,4,3263,11.27,32216,28953,32218,28955
19,12,27,5,3206,11.5,31084,27878,31073,27867
19,12,28,6,3153,12.43,28519,25366,28502,25349
19,12,29,7,2899,11.6,27890,24991,27888,24989
19,12,30,1,3143,11.23,31131,27988,31134,27991
19,12,31,2,3108,11.36,30467,27359,30472,27364
20,1,1,3,2790,11.01,28131,25341,28125,25335
20,1,2,4,3080,10.91,31311,28231,31303,28223
20,1,3,5,3384,11.96,31678,28294,31676,28292
20,1,4,6,3636,14.21,29224,25588,29219,25583
20,1,5,7,2695,10.88,27465,24770,27456,24761
20,1,6,1,3009,10.51,31639,28630,31653,28644
20,1,7,2,3104,10.65,32250,29146,32248,29144
20,1,8,3,3235,11.33,31788,28553,31779,28544
20,1,9,4,3131,10.9,31856,28725,31861,28730
20,1,10,5,3298,11.58,31778,28480,31774,28476
20,1,11,6,3851,15.2,29187,25336,29193,25342
20,1,12,7,3091,12.44,27938,24847,27933,24842
20,1,13,1,3157,11.02,31805,28648,31804,28647
20,1,14,2,3412,11.85,32205,28793,32213,28801
20,1,15,3,3386,11.91,31816,28430,31817,28431
20,1,16,4,3005,10.47,31706,28701,31719,28714
20,1,17,5,3399,12.06,31583,28184,31585,28186
20,1,18,6,3160,12.12,29233,26073,29228,26068
20,1,19,7,3334,13.17,28649,25315,28656,25322
20,1,20,1,3183,11.38,31153,27970,31153,27970
20,1,21,2,3259,11.84,30784,27525,30776,27517
20,1,22,3,3887,15.09,29646,25759,29635,25748
20,1,23,4,3344,14.21,26877,23533,26875,23531
20,1,24,5,3483,16.17,25023,21540,25026,21543
20,1,25,6,3551,16.89,24575,21024,24573,21022
20,1,26,7,3528,16.66,24704,21176,24702,21174
20,1,27,1,3704,17.06,25416,21712,25414,21710
20,1,28,2,3653,16.01,26470,22817,26470,22817
20,1,29,3,3304,13.77,27298,23994,27288,23984
20,1,30,4,2991,11.36,29320,26329,29314,26323
20,1,31,5,3361,12.58,30078,26717,30075,26714
20,2,1,6,3890,15.43,29101,25211,29101,25211
20,2,2,7,3247,13.08,28071,24824,28063,24816
20,2,3,1,4088,14.62,32050,27962,32048,27960
20,2,4,2,3302,11.61,31743,28441,31745,28443
20,2,5,3,3643,12.83,32037,28394,32040,28397
20,2,6,4,3347,11.75,31832,28485,31829,28482
20,2,7,5,3767,13.32,32048,28281,32042,28275
20,2,8,6,3660,14.28,29290,25630,29290,25630
20,2,9,7,3084,12.26,28239,25155,28234,25150
20,2,10,1,3146,11.12,31437,28291,31429,28283
20,2,11,2,3219,11.23,31883,28664,31882,28663
20,2,12,3,3348,11.73,31890,28542,31881,28533
20,2,13,4,3246,11.16,32332,29086,32340,29094
20,2,14,5,3123,10.7,32310,29187,32322,29199
20,2,15,6,2996,10.79,30762,27766,30766,27770
20,2,16,7,3985,15.9,29048,25063,29047,25062
20,2,17,1,3744,13.23,32043,28299,32044,28300
20,2,18,2,4249,14.95,32670,28421,32675,28426
20,2,19,3,3564,12.56,31940,28376,31938,28374
20,2,20,4,3132,10.94,31761,28629,31745,28613
20,2,21,5,3138,11,31665,28527,31665,28527
20,2,22,6,3674,14.11,29712,26038,29721,26047
20,2,23,7,3739,14.92,28799,25060,28803,25064
20,2,24,1,3010,10.44,31841,28831,31837,28827
20,2,25,2,3124,10.7,32320,29196,32320,29196
20,2,26,3,3167,10.75,32627,29460,32634,29467
20,2,27,4,4253,14.99,32625,28372,32621,28368
20,2,28,5,3286,12.47,29637,26351,29642,26356
20,2,29,6,2806,10.93,28478,25672,28483,25677
20,3,1,7,3321,13.29,28310,24989,28307,24986
20,3,2,1,3295,11.54,31848,28553,31852,28557
20,3,3,2,3106,10.64,32298,29192,32289,29183
20,3,4,3,3758,13.02,32621,28863,32616,28858
20,3,5,4,3518,12.3,32120,28602,32126,28608
20,3,6,5,3179,11.13,31741,28562,31748,28569
20,3,7,6,3712,14.18,29890,26178,29894,26182
20,3,8,7,3379,13.22,28939,25560,28936,25557
20,3,9,1,3209,10.82,32867,29658,32862,29653
20,3,10,2,3931,13.75,32520,28589,32522,28591
20,3,11,3,3255,11.41,31783,28528,31786,28531
20,3,12,4,3002,10.23,32347,29345,32350,29348
20,3,13,5,3098,10.62,32269,29171,32263,29165
20,3,14,6,3826,14.83,29625,25799,29628,25802
20,3,15,7,3493,14.06,28337,24844,28330,24837
20,3,16,1,4820,17.22,32811,27991,32804,27984
20,3,17,2,4143,14.41,32894,28751,32896,28753
20,3,18,3,4153,14.26,33276,29123,33271,29118
20,3,19,4,3085,10.5,32466,29381,32474,29389
20,3,20,5,3700,12.75,32720,29020,32730,29030
20,3,21,6,3020,11.34,29651,26631,29655,26635
20,3,22,7,3086,11.83,29172,26086,29174,26088
20,3,23,1,3771,12.84,33140,29369,33143,29372
20,3,24,2,4125,14,33589,29464,33595,29470
20,3,25,3,3577,11.91,33611,30034,33615,30038
20,3,26,4,3187,10.33,34039,30852,34029,30842
20,3,27,5,3264,10.44,34528,31264,34524,31260
20,3,28,6,4066,15.7,29964,25898,29959,25893
20,3,29,7,3489,13.87,28644,25155,28641,25152
20,3,30,1,3508,12.22,32215,28707,32224,28716
20,3,31,2,3322,11.39,32488,29166,32484,29162
20,4,1,3,4095,14.48,32375,28280,32373,28278
20,4,2,4,4108,16.15,29545,25437,29551,25443
20,4,3,5,3749,14.92,28876,25127,28869,25120
20,4,4,6,4414,18.21,28653,24239,28652,24238
20,4,5,7,4249,17.45,28599,24350,28596,24347
20,4,6,1,4054,14.35,32305,28251,32300,28246
20,4,7,2,4037,14.36,32150,28113,32145,28108
20,4,8,3,3364,11.91,31609,28245,31610,28246
20,4,9,4,3678,13,31970,28292,31963,28285
20,4,10,5,4650,16.33,33125,28475,33120,28470
20,4,11,6,3179,12.34,28941,25762,28931,25752
20,4,12,7,2809,11.42,27406,24597,27413,24604
20,4,13,1,3328,12.05,30946,27618,30942,27614
20,4,14,2,3563,12.78,31442,27879,31447,27884
20,4,15,3,3497,12.41,31676,28179,31679,28182
20,4,16,4,3144,11.02,31674,28530,31672,28528
20,4,17,5,3609,12.45,32597,28988,32599,28990
20,4,18,6,3489,13.09,30143,26654,30146,26657
20,4,19,7,3028,11.42,29543,26515,29546,26518
20,4,20,1,4091,13.64,34084,29993,34077,29986
20,4,21,2,4376,14.59,34369,29993,34362,29986
20,4,22,3,4031,14.1,32620,28589,32626,28595
20,4,23,4,3948,14.07,32008,28060,31998,28050
20,4,24,5,3948,14.26,31634,27686,31626,27678
20,4,25,6,3166,12.34,28822,25656,28825,25659
20,4,26,7,3120,12.43,28221,25101,28230,25110
20,4,27,1,3810,13.27,32521,28711,32516,28706
20,4,28,2,4687,16.19,33637,28950,33642,28955
20,4,29,3,3346,11.33,32878,29532,32878,29532
20,4,30,4,4864,16.43,34468,29604,34477,29613
20,5,1,5,3512,13.11,30301,26789,30298,26786
20,5,2,6,3414,12.9,29879,26465,29887,26473
20,5,3,7,2967,11.06,29793,26826,29782,26815
20,5,4,1,3476,10.75,35811,32335,35816,32340
20,5,5,2,3400,10.2,36733,33333,36721,33321
20,5,6,3,3426,10.39,36400,32974,36390,32964
20,5,7,4,3736,11.49,36251,32515,36246,32510
20,5,8,5,3414,10.1,37216,33802,37205,33791
20,5,9,6,3823,12.87,33528,29705,33523,29700
20,5,10,7,3015,10.25,32430,29415,32439,29424
20,5,11,1,3350,10.09,36551,33201,36553,33203
20,5,12,2,3766,11.78,35735,31969,35739,31973
20,5,13,3,4199,13.01,36474,32275,36463,32264
20,5,14,4,3382,10.11,36834,33452,36824,33442
20,5,15,5,3622,10.72,37409,33787,37409,33787
20,5,16,6,3947,13.14,33985,30038,33975,30028
20,5,17,7,4241,14.78,32935,28694,32935,28694
20,5,18,1,4085,12.45,36896,32811,36888,32803
20,5,19,2,4626,14.76,35967,31341,35962,31336
20,5,20,3,4951,15.71,36466,31515,36458,31507
20,5,21,4,3983,12.62,35544,31561,35554,31571
20,5,22,5,3675,11.9,34557,30882,34567,30892
20,5,23,6,4061,15.1,30955,26894,30959,26898
20,5,24,7,4289,15.94,31196,26907,31194,26905
20,5,25,1,3942,12.15,36386,32444,36380,32438
20,5,26,2,3563,10.83,36462,32899,36459,32896
20,5,27,3,4932,15.69,36366,31434,36376,31444
20,5,28,4,5261,16.69,36783,31522,36780,31519
20,5,29,5,4098,12.59,36648,32550,36642,32544
20,5,30,6,4186,14.68,32701,28515,32699,28513
20,5,31,7,3430,11.92,32205,28775,32206,28776
20,6,1,1,3633,10.79,37303,33670,37293,33660
20,6,2,2,4071,11.84,38454,34383,38452,34381
20,6,3,3,4163,12.07,38653,34490,38653,34490
20,6,4,4,3754,10.75,38675,34921,38689,34935
20,6,5,5,3682,10.56,38549,34867,38543,34861
20,6,6,6,4240,13.79,34987,30747,34992,30752
20,6,7,7,4535,16.13,32650,28115,32656,28121
20,6,8,1,4580,14.15,36947,32367,36941,32361
20,6,9,2,4515,13.95,36881,32366,36875,32360
20,6,10,3,4367,12.93,38141,33774,38137,33770
20,6,11,4,3986,11.65,38201,34215,38206,34220
20,6,12,5,3586,10.24,38606,35020,38596,35010
20,6,13,6,3764,11.93,35315,31551,35316,31552
20,6,14,7,4572,15.33,34396,29824,34393,29821
20,6,15,1,5033,14.34,40131,35098,40129,35096
20,6,16,2,4022,11.27,39710,35688,39696,35674
20,6,17,3,3975,10.99,40144,36169,40135,36160
20,6,18,4,4191,11.65,40165,35974,40155,35964
20,6,19,5,3862,10.63,40193,36331,40202,36340
20,6,20,6,3675,10.41,38978,35303,38988,35313
20,6,21,7,3484,11.02,35099,31615,35108,31624
20,6,22,1,3849,10.51,40471,36622,40476,36627
20,6,23,2,3768,10.23,40601,36833,40615,36847
20,6,24,3,4086,10.99,41265,37179,41256,37170
20,6,25,4,3379,10.61,35226,31847,35231,31852
20,6,26,5,3907,12.87,34264,30357,34259,30352
20,6,27,6,3620,11.88,34091,30471,34086,30466
20,6,28,7,3412,10.97,34515,31103,34519,31107
20,6,29,1,4013,11.04,40363,36350,40364,36351
20,6,30,2,4646,12.67,41315,36669,41328,36682
20,7,1,3,4029,11.09,40359,36330,40360,36331
20,7,2,4,4458,12.44,40294,35836,40305,35847
20,7,3,5,4131,11.54,39928,35797,39929,35798
20,7,4,6,4287,13.43,36208,31921,36211,31924
20,7,5,7,3475,11.13,34697,31222,34694,31219
20,7,6,1,5016,13.98,40896,35880,40904,35888
20,7,7,2,4610,12.69,40938,36328,40936,36326
20,7,8,3,4315,11.63,41417,37102,41421,37106
20,7,9,4,4367,11.9,41064,36697,41053,36686
20,7,10,5,4379,11.89,41208,36829,41209,36830
20,7,11,6,3671,11.15,36595,32924,36606,32935
20,7,12,7,3518,10.92,35734,32216,35741,32223
20,7,13,1,3974,10.59,41500,37526,41502,37528
20,7,14,2,3924,10.38,41727,37803,41714,37790
20,7,15,3,4210,11.45,40979,36769,40965,36755
20,7,16,4,5085,14.16,40996,35911,40988,35903
20,7,17,5,4256,11.54,41136,36880,41138,36882
20,7,18,6,4321,13.02,37508,33187,37514,33193
20,7,19,7,4128,12.97,35955,31827,35959,31831
20,7,20,1,4268,11.38,41772,37504,41789,37521
20,7,21,2,5133,13.94,41955,36822,41958,36825
20,7,22,3,4266,11.42,41622,37356,41633,37367
20,7,23,4,3848,10.12,41872,38024,41868,38020
20,7,24,5,4129,10.99,41700,37571,41686,37557
20,7,25,6,4697,14.3,37543,32846,37535,32838
20,7,26,7,4718,15.44,35275,30557,35266,30548
20,7,27,1,4565,12.42,41320,36755,41325,36760
20,7,28,2,4530,12.47,40857,36327,40863,36333
20,7,29,3,4845,13.33,41192,36347,41198,36353
20,7,30,4,5460,15.34,41053,35593,41052,35592
20,7,31,5,4138,11.4,40436,36298,40438,36300
20,8,1,6,4121,12.61,36801,32680,36803,32682
20,8,2,7,3810,12.39,34561,30751,34564,30754
20,8,3,1,4898,14.53,38608,33710,38616,33718
20,8,4,2,4353,12.79,38387,34034,38389,34036
20,8,5,3,4387,12.4,39766,35379,39761,35374
20,8,6,4,3853,10.53,40444,36591,40446,36593
20,8,7,5,3860,10.52,40552,36692,40542,36682
20,8,8,6,3871,11.96,36237,32366,36232,32361
20,8,9,7,3187,10.23,34340,31153,34353,31166
20,8,10,1,3726,10.23,40148,36422,40137,36411
20,8,11,2,4384,12.47,39540,35156,39551,35167
20,8,12,3,4270,11.69,40797,36527,40807,36537
20,8,13,4,4651,12.81,40959,36308,40952,36301
20,8,14,5,5022,13.97,40970,35948,40963,35941
20,8,15,6,4941,15.83,36154,31213,36145,31204
20,8,16,7,4622,15.55,34345,29723,34343,29721
20,8,17,1,4585,12.9,40128,35543,40123,35538
20,8,18,2,4236,11.68,40503,36267,40515,36279
20,8,19,3,3869,10.46,40858,36989,40865,36996
20,8,20,4,4384,11.91,41193,36809,41202,36818
20,8,21,5,3862,10.49,40678,36816,40685,36823
20,8,22,6,3398,10.97,34373,30975,34383,30985
20,8,23,7,3297,10.9,33545,30248,33542,30245
20,8,24,1,3695,10.13,40171,36476,40178,36483
20,8,25,2,3812,10.28,40894,37082,40885,37073
20,8,26,3,3796,10.6,39607,35811,39623,35827
20,8,27,4,4545,12.95,39642,35097,39652,35107
20,8,28,5,4272,12.16,39404,35132,39394,35122
20,8,29,6,4174,13.4,35323,31149,35312,31138
20,8,30,7,4086,13.32,34762,30676,34763,30677
20,8,31,1,4719,13.41,39909,35190,39916,35197
20,9,1,2,4478,12.64,39905,35427,39898,35420
20,9,2,3,3868,10.6,40359,36491,40360,36492
20,9,3,4,4811,13.56,40290,35479,40285,35474
20,9,4,5,4870,13.54,40838,35968,40850,35980
20,9,5,6,3922,12.75,34683,30761,34680,30758
20,9,6,7,3873,13.87,31797,27924,31794,27921
20,9,7,1,4362,12.85,38308,33946,38299,33937
20,9,8,2,4155,11.83,39278,35123,39289,35134
20,9,9,3,4176,11.81,39536,35360,39546,35370
20,9,10,4,4255,12.01,39684,35429,39693,35438
20,9,11,5,4084,11.47,39690,35606,39682,35598
20,9,12,6,3383,10.8,34707,31324,34694,31311
20,9,13,7,3024,10.07,33054,30030,33054,30030
20,9,14,1,3718,10.43,39365,35647,39358,35640
20,9,15,2,3725,10.26,40031,36306,40037,36312
20,9,16,3,3733,10.22,40259,36526,40254,36521
20,9,17,4,3724,10.11,40559,36835,40570,36846
20,9,18,5,3729,10.11,40613,36884,40622,36893
20,9,19,6,3317,10.21,35805,32488,35803,32486
20,9,20,7,3885,13.16,33406,29521,33402,29517
20,9,21,1,4562,13.26,38966,34404,38959,34397
20,9,22,2,5125,14.97,39360,34235,39362,34237
20,9,23,3,4772,13.76,39452,34680,39461,34689
20,9,24,4,5434,16.21,38957,33523,38959,33525
20,9,25,5,5274,16.48,37276,32002,37286,32012
20,9,26,6,4547,14.62,35648,31101,35642,31095
20,9,27,7,4489,16.75,31289,26800,31297,26808
20,9,28,1,4555,14.64,35668,31113,35668,31113
20,9,29,2,4259,13.42,35995,31736,36005,31746
20,9,30,3,5285,17.2,36012,30727,36008,30723
20,10,1,4,4645,17.6,31037,26392,31043,26398
20,10,2,5,3460,12.78,30534,27074,30535,27075
20,10,3,6,3418,12.41,30960,27542,30966,27548
20,10,4,7,3591,12.7,31867,28276,31872,28281
20,10,5,1,4539,13.96,37053,32514,37047,32508
20,10,6,2,4239,13.29,36135,31896,36139,31900
20,10,7,3,4100,13.1,35398,31298,35407,31307
20,10,8,4,4718,15.31,35534,30816,35531,30813
20,10,9,5,4310,15.68,31797,27487,31793,27483
20,10,10,6,3295,12.03,30685,27390,30682,27387
20,10,11,7,3088,11.26,30513,27425,30519,27431
20,10,12,1,3361,10.17,36409,33048,36424,33063
20,10,13,2,3465,10.38,36847,33382,36854,33389
20,10,14,3,3992,12.17,36794,32802,36790,32798
20,10,15,4,3926,12.01,36615,32689,36608,32682
20,10,16,5,3801,11.56,36682,32881,36679,32878
20,10,17,6,4087,14.59,32099,28012,32108,28021
20,10,18,7,3946,14.85,30518,26572,30516,26570
20,10,19,1,4505,14.51,35553,31048,35551,31046
20,10,20,2,4244,13.42,35868,31624,35876,31632
20,10,21,3,3309,10.22,35687,32378,35676,32367
20,10,22,4,4341,13.91,35549,31208,35543,31202
20,10,23,5,4003,13.48,33699,29696,33701,29698
20,10,24,6,3892,14.53,30678,26786,30683,26791
20,10,25,7,4025,15.41,30144,26119,30151,26126
20,10,26,1,3503,11.27,34586,31083,34595,31092
20,10,27,2,3402,10.74,35078,31676,35071,31669
20,10,28,3,3470,10.86,35422,31952,35429,31959
20,10,29,4,3707,11.86,34963,31256,34978,31271
20,10,30,5,4215,13.93,34473,30258,34479,30264
20,10,31,6,3719,13.9,30474,26755,30482,26763
20,11,1,7,3569,13.66,29696,26127,29696,26127
20,11,2,1,3523,11.58,33946,30423,33953,30430
20,11,3,2,3189,10.64,33161,29972,33163,29974
20,11,4,3,3551,11.92,33341,29790,33339,29788
20,11,5,4,3319,10.94,33657,30338,33663,30344
20,11,6,5,3263,10.26,35066,31803,35055,31792
20,11,7,6,3199,11.34,31409,28210,31405,28206
20,11,8,7,3928,15.33,29551,25623,29547,25619
20,11,9,1,4080,13.89,33454,29374,33448,29368
20,11,10,2,3590,12.04,33407,29817,33402,29812
20,11,11,3,3708,12.52,33325,29617,33320,29612
20,11,12,4,3190,10.5,33571,30381,33593,30403
20,11,13,5,3373,11.17,33570,30197,33559,30186
20,11,14,6,3364,12.39,30515,27151,30510,27146
20,11,15,7,3463,13.27,29559,26096,29565,26102
20,11,16,1,3147,10.16,34121,30974,34111,30964
20,11,17,2,3202,10.2,34594,31392,34607,31405
20,11,18,3,3361,10.56,35189,31828,35177,31816
20,11,19,4,3314,10.33,35395,32081,35383,32069
20,11,20,5,3643,11.38,35655,32012,35666,32023
20,11,21,6,2928,10.21,31606,28678,31603,28675
20,11,22,7,2765,10.28,29662,26897,29650,26885
20,11,23,1,3144,10.2,33968,30824,33976,30832
20,11,24,2,3134,10.13,34072,30938,34084,30950
20,11,25,3,3306,10.5,34792,31486,34797,31491
20,11,26,4,3144,10.01,34553,31409,34573,31429
20,11,27,5,3495,11.58,33676,30181,33669,30174
20,11,28,6,2977,11.09,29821,26844,29814,26837
20,11,29,7,3287,13.02,28533,25246,28529,25242
20,11,30,1,3320,11.4,32443,29123,32437,29117
20,12,1,2,3237,10.94,32826,29589,32814,29577
20,12,2,3,3050,10.33,32576,29526,32582,29532
20,12,3,4,3168,10.81,32474,29306,32478,29310
20,12,4,5,3084,10.5,32455,29371,32466,29382
20,12,5,6,3618,13.58,30260,26642,30262,26644
20,12,6,7,2691,10.51,28295,25604,28297,25606
20,12,7,1,3106,10.45,32828,29722,32832,29726
20,12,8,2,3164,10.59,33041,29877,33028,29864
20,12,9,3,3094,10.27,33221,30127,33229,30135
20,12,10,4,3086,10.22,33282,30196,33283,30197
20,12,11,5,3129,10.46,33043,29914,33050,29921
20,12,12,6,3282,12.31,29943,26661,29946,26664
20,12,13,7,2830,11.12,28280,25450,28289,25459
20,12,14,1,3022,10.2,32649,29627,32639,29617
20,12,15,2,3012,10.14,32716,29704,32714,29702
20,12,16,3,3020,10.14,32803,29783,32818,29798
20,12,17,4,3000,10.04,32880,29880,32878,29878
20,12,18,5,3047,10.22,32861,29814,32849,29802
20,12,19,6,3047,11.39,29799,26752,29790,26743
20,12,20,7,3616,14.09,29280,25664,29274,25658
20,12,21,1,3072,10.36,32725,29653,32722,29650
20,12,22,2,3199,10.7,33096,29897,33107,29908
20,12,23,3,3076,10.15,33381,30305,33388,30312
20,12,24,4,3545,11.87,33410,29865,33402,29857
20,12,25,5,3418,11.67,32707,29289,32717,29299
20,12,26,6,3066,11.47,29797,26731,29798,26732
20,12,27,7,2869,11.04,28856,25987,28846,25977
20,12,28,1,3135,10.63,32627,29492,32626,29491
20,12,29,2,3094,10.3,33133,30039,33114,30020
20,12,30,3,3118,10.72,32204,29086,32211,29093
20,12,31,4,3154,11.09,31594,28440,31598,28444
21,1,1,5,2767,10.76,28483,25716,28487,25720
21,1,2,6,2936,11.52,28422,25486,28421,25485
21,1,3,7,3037,11.92,28515,25478,28513,25476
21,1,4,1,3032,10.2,32757,29725,32766,29734
21,1,5,2,3067,10.21,33106,30039,33117,30050
21,1,6,3,3102,10.23,33425,30323,33429,30327
21,1,7,4,3102,10.17,33603,30501,33602,30500
21,1,8,5,3106,10.21,33527,30421,33518,30412
21,1,9,6,3201,11.41,31255,28054,31269,28068
21,1,10,7,2906,10.66,30167,27261,30161,27255
21,1,11,1,3093,10.08,33778,30685,33772,30679
21,1,12,2,3116,10.17,33755,30639,33749,30633
21,1,13,3,3114,10.38,33114,30000,33108,29994
21,1,14,4,3132,10.43,33161,30029,33153,30021
21,1,15,5,3309,11.2,32854,29545,32864,29555
21,1,16,6,3046,11.23,30170,27124,30167,27121
21,1,17,7,3034,11.36,29742,26708,29746,26712
21,1,18,1,3157,10.55,33081,29924,33095,29938
21,1,19,2,3158,10.53,33149,29991,33148,29990
21,1,20,3,3150,10.5,33150,30000,33134,29984
21,1,21,4,3074,10.15,33360,30286,33359,30285
21,1,22,5,3097,10.29,33194,30097,33192,30095
21,1,23,6,3203,11.77,30416,27213,30421,27218
21,1,24,7,3073,11.95,28788,25715,28790,25717
21,1,25,1,3269,10.97,33068,29799,33063,29794
21,1,26,2,3219,10.75,33163,29944,33152,29933
21,1,27,3,3064,10.36,32639,29575,32652,29588
21,1,28,4,3286,11.12,32836,29550,32843,29557
21,1,29,5,3203,10.94,32481,29278,32472,29269
21,1,30,6,3447,12.93,30106,26659,30109,26662
21,1,31,7,2906,11.41,28375,25469,28364,25458
21,2,1,1,2938,10.12,31970,29032,,
21,2,2,2,3045,10.24,32781,29736,,
21,2,3,3,3006,10.15,32622,29616,,
21,2,4,4,3132,10.56,32791,29659,,
21,2,5,5,3060,10.45,32342,29282,,
21,2,6,6,3066,11.49,29750,26684,,
21,2,7,7,2763,10.66,28682,25919,,
21,2,8,1,3047,10.92,30950,27903,,
21,2,9,2,2880,11.03,28991,26111,,
21,2,10,3,2888,11.85,27259,24371,,
21,2,11,4,2833,12.8,24966,22133,,
21,2,12,5,2992,13.65,24911,21919,,
21,2,13,6,3024,13.77,24985,21961,,
21,2,14,7,2911,12.97,25355,22444,,
21,2,15,1,2645,11.27,26114,23469,,
21,2,16,2,3002,12.15,27710,24708,,
21,2,17,3,2824,10.13,30702,27878,,
21,2,18,4,2907,10.19,31435,28528,,
21,2,19,5,2885,10.08,31506,28621,,
21,2,20,6,2975,10.86,30369,27394,,
21,2,21,7,3139,12.43,28392,25253,,
21,2,22,1,2989,10.18,32350,29361,,
21,2,23,2,3109,10.39,33032,29923,,
21,2,24,3,3049,10.15,33088,30039,,
21,2,25,4,3029,10.07,33108,30079,,
21,2,26,5,3041,10.23,32767,29726,,
21,2,27,6,2758,10.42,29226,26468,,
21,2,28,7,2672,10.68,27691,25019,,
21,3,1,1,2832,10.66,29399,26567,,
21,3,2,2,3221,10.95,32637,29416,,
21,3,3,3,3075,10.36,32756,29681,,
21,3,4,4,3088,10.37,32866,29778,,
21,3,5,5,3268,10.94,33140,29872,,
21,3,6,6,2805,10.42,29724,26919,,
21,3,7,7,2752,10.67,28544,25792,,
21,3,8,1,3110,10.45,32871,29761,,
21,3,9,2,3048,10.18,32989,29941,,
21,3,10,3,3055,10.22,32947,29892,,
21,3,11,4,3077,10.24,33126,30049,,
21,3,12,5,3272,10.93,33208,29936,,
21,3,13,6,3075,11.48,29861,26786,,
21,3,14,7,2933,11.44,28571,25638,,
21,3,15,1,3074,10.22,33152,30078,,
21,3,16,2,3087,10.06,33773,30686,,
21,3,17,3,,,,,,
21,3,18,4,,,,,,
21,3,19,5,,,,,,
21,3,20,6,,,,,,
21,3,21,7,,,,,,
21,3,22,1,,,,,,
21,3,23,2,,,,,,
21,3,24,3,,,,,,
21,3,25,4,,,,,,
21,3,26,5,,,,,,
21,3,27,6,,,,,,
21,3,28,7,,,,,,
21,3,29,1,,,,,,
